63612583657137
63612583657167
63612583657203
63612583657238
63612583657272
63612583657306
63612583657340
63612583657388
63612583657408
63612583657436
63612583657473
63612583657503
63612583657540
63612583657569
63612583657603
63612583657640
63612583657670
63612583657705
63612583657739
63612583657769
63612583657806
63612583657836
63612583657872
63612583657903
63612583657937
63612583657974
63612583658004
63612583658039
63612583658070
63612583658106
63612583658142
63612583658169
63612583658205
63612583658236
63612583658272
63612583658304
63612583658341
63612583658374
63612583658415
63612583658445
63612583658469
63612583658501
63612583658535
63612583658570
63612583658603
63612583658636
63612583658669
63612583658708
63612583658738
63612583658773
63612583658806
63612583658838
63612583658870
63612583658904
63612583658936
63612583658972
63612583659002
63612583659039
63612583659070
63612583659108
63612583659137
63612583659172
63612583659204
63612583659239
63612583659270
63612583659304
63612583659338
63612583659371
63612583659407
63612583659447
63612583659471
63612583659512
63612583659536
63612583659572
63612583659604
63612583659638
63612583659675
63612583659704
63612583659739
63612583659772
63612583659803
63612583659840
63612583800106
63612583800135
63612583800171
63612583800199
63612583800234
63612583800275
63612583800297
63612583800336
63612583800367
63612583800403
63612583800437
63612583800468
63612583800503
63612583800533
63612583800567
63612583800600
63612583800634
63612583800667
63612583800700
63612583800734
63612583800769
63612583800803
63612583800835
63612583800872
63612583800901
63612583800935
63612583800968
63612583801001
63612583801035
63612583801067
63612583801100
63612583801135
63612583801170
63612583801206
63612583801237
63612583801270
63612583801301
63612583801335
63612583801368
63612583801401
63612583801439
63612583801468
63612583801507
63612583801539
63612583801570
63612583801604
63612583801633
63612583801668
63612583801700
63612583801733
63612583801767
63612583801800
63612583801834
63612583801872
63612583801905
63612583801937
63612583801968
63612583801999
63612583802034
63612583802067
63612583802101
63612583802133
63612583802166
63612583802201
63612583802238
63612583802268
63612583802300
63612583802333
